|8.78,1.78,0.00,0.00,4.00,0.00,0.00,0.00,0.00,0.00,0.00,0.00,0.00,0.00,0.00,0.00,|
|1.78,10.56,1.78,0.00,0.00,4.00,0.00,0.00,0.00,0.00,0.00,0.00,0.00,0.00,0.00,0.00,|
|0.00,1.78,10.56,1.78,0.00,0.00,4.00,0.00,0.00,0.00,0.00,0.00,0.00,0.00,0.00,0.00,|
|0.00,0.00,1.78,8.78,0.00,0.00,0.00,4.00,0.00,0.00,0.00,0.00,0.00,0.00,0.00,0.00,|
|4.00,0.00,0.00,0.00,12.78,1.78,0.00,0.00,4.00,0.00,0.00,0.00,0.00,0.00,0.00,0.00,|
|0.00,4.00,0.00,0.00,1.78,14.56,1.78,0.00,0.00,4.00,0.00,0.00,0.00,0.00,0.00,0.00,|
|0.00,0.00,4.00,0.00,0.00,1.78,14.56,1.78,0.00,0.00,4.00,0.00,0.00,0.00,0.00,0.00,|
|0.00,0.00,0.00,4.00,0.00,0.00,1.78,12.78,0.00,0.00,0.00,4.00,0.00,0.00,0.00,0.00,|
|0.00,0.00,0.00,0.00,4.00,0.00,0.00,0.00,12.78,1.78,0.00,0.00,4.00,0.00,0.00,0.00,|
|0.00,0.00,0.00,0.00,0.00,4.00,0.00,0.00,1.78,14.56,1.78,0.00,0.00,4.00,0.00,0.00,|
|0.00,0.00,0.00,0.00,0.00,0.00,4.00,0.00,0.00,1.78,14.56,1.78,0.00,0.00,4.00,0.00,|
|0.00,0.00,0.00,0.00,0.00,0.00,0.00,4.00,0.00,0.00,1.78,12.78,0.00,0.00,0.00,4.00,|
|0.00,0.00,0.00,0.00,0.00,0.00,0.00,0.00,4.00,0.00,0.00,0.00,8.78,1.78,0.00,0.00,|
|0.00,0.00,0.00,0.00,0.00,0.00,0.00,0.00,0.00,4.00,0.00,0.00,1.78,10.56,1.78,0.00,|
|0.00,0.00,0.00,0.00,0.00,0.00,0.00,0.00,0.00,0.00,4.00,0.00,0.00,1.78,10.56,1.78,|
|0.00,0.00,0.00,0.00,0.00,0.00,0.00,0.00,0.00,0.00,0.00,4.00,0.00,0.00,1.78,8.78,|
